  4.000000000000000E-006  1.600000000000000E-005
  1.000000000000000E-006  0.000000000000000E+000
  1.000000000000000E-006  0.000000000000000E+000
  1.000000000000000E-006  2.000000000000000E-006
  6.000000000000000E-006  7.000000000000000E-006
  4.300000000000000E-005  5.300000000000000E-005
  4.080000000000000E-004  4.070000000000000E-004
  5.359000000000000E-003  3.286000000000000E-003
  5.605900000000000E-002  2.627000000000000E-002
  0.466119000000000       0.200243000000000     
   3.48626800000000        1.57516600000000     
   91.6354250000000        22.8779620000000     
   91.6354250000000        216.264008000000     
