   2.6899999999999999E-007   8.3639999999999999E-006
   2.2800000000000000E-007   3.9099999999999999E-007
   9.6599999999999994E-007   4.4000000000000002E-007
   6.3550000000000001E-006   1.3430000000000001E-006
   4.8831000000000001E-005   7.1230000000000002E-006
   3.9450200000000003E-004   5.2777000000000000E-005
   3.2067979999999999E-003   4.0500300000000003E-004
   2.8550114000000001E-002   3.3042440000000000E-003
  0.29042421800000001        2.5574296999999999E-002
   2.4262394960000000       0.20201938999999999     
   18.425821712000001        1.5794397130000000     
   141.83485117199999        22.813704861000002     
   166.25499616299999        206.93464417000001     
