   5.1099999999999996E-007   1.5021000000000001E-005
   2.7300000000000002E-007   4.1100000000000001E-007
   1.0589999999999999E-006   4.8100000000000003E-007
   6.3870000000000000E-006   1.3379999999999999E-006
   4.9338000000000001E-005   7.1690000000000003E-006
   3.9260299999999999E-004   5.9172999999999997E-005
   3.1946449999999999E-003   3.9653600000000001E-004
   2.6279602999999999E-002   3.2540479999999998E-003
  0.28997113600000002        2.5258194000000001E-002
   2.4099830959999999       0.19878550200000000     
   18.368592469999999        1.5981218420000001     
   143.63945295600001        22.638120266000001     
   167.28225898599999        241.47420162399999     
