   3.4999999999999998E-007   1.0822000000000001E-005
   8.3999999999999998E-008   1.6000000000000000E-007
   1.1400000000000000E-007   1.4100000000000001E-007
   1.3000000000000000E-007   1.4399999999999999E-007
   1.7900000000000000E-007   1.6100000000000000E-007
   2.7799999999999997E-007   1.7700000000000001E-007
   4.6600000000000002E-007   2.1799999999999999E-007
   8.7199999999999997E-007   3.0800000000000001E-007
   1.6710000000000000E-006   4.8900000000000000E-007
   3.2580000000000000E-006   8.5099999999999998E-007
   6.4439999999999996E-006   1.5710000000000001E-006
   1.2785999999999999E-005   3.0249999999999998E-006
   2.5604000000000001E-005   5.9050000000000002E-006
   5.1263000000000000E-005   1.1815000000000000E-005
   1.0678700000000001E-004   2.3631000000000001E-005
   2.0449100000000000E-004   4.6932999999999999E-005
   4.0889000000000002E-004   1.0355200000000000E-004
   8.1925200000000002E-004   1.9265800000000001E-004
   1.6552010000000000E-003   3.8180899999999999E-004
   3.3024140000000000E-003   7.5261000000000002E-004
   6.7030750000000002E-003   1.5077059999999999E-003
   1.5953238000000002E-002   1.2438667000000000E-002
   3.1291320999999997E-002   2.5860592000000002E-002
   5.6957345000000000E-002   4.9811003000000000E-002
  0.13420499200000000       0.10521071899999999     
  0.28172412699999999       0.22038873400000000     
  0.99422878299999995       0.45563757100000002     
   1.2078521870000001       0.92682454900000000     
   4.2588720010000003        2.6595679600000000     
   7.1365620700000001        4.1935409490000000     
