   1.9700000000000000E-007   5.1470000000000000E-006
   2.0900000000000001E-007   4.9699999999999996E-007
   1.7700000000000001E-007   3.8400000000000000E-007
   1.2599999999999999E-007   2.7200000000000000E-007
   1.6999999999999999E-007   3.4100000000000000E-007
   2.6899999999999999E-007   4.5100000000000000E-007
   4.6400000000000003E-007   6.8199999999999999E-007
   8.5499999999999997E-007   1.1599999999999999E-006
   1.6619999999999999E-006   2.1480000000000000E-006
   3.2499999999999998E-006   4.1169999999999997E-006
   6.4400000000000002E-006   8.0469999999999994E-006
   1.2809000000000001E-005   1.5862000000000002E-005
   2.5616999999999999E-005   3.1584000000000001E-005
   5.1332999999999998E-005   6.3168000000000002E-005
   1.0262300000000000E-004   1.2604900000000001E-004
   2.0467200000000001E-004   2.5156899999999999E-004
   4.0912099999999997E-004   5.0286700000000005E-004
   8.4169699999999997E-004   1.0321239999999999E-003
   1.7675499999999999E-003   2.1665069999999998E-003
   5.9917840000000000E-003   6.9123149999999996E-003
   1.4271001000000000E-002   2.1829248999999998E-002
   2.5410693000000002E-002   4.2778600000000000E-002
   6.1259033999999997E-002   9.6115163000000003E-002
  0.12827842200000000       0.19639808900000000     
  0.26808301200000001       0.40669944800000002     
  0.51955643699999998       0.79739039300000003     
  0.99802605899999997        1.5363133920000001     
