   2.4400000000000001E-007   5.0340000000000004E-006
   1.7100000000000001E-007   2.5600000000000002E-007
   2.2000000000000001E-007   1.4499999999999999E-007
   1.2200000000000001E-007   1.4900000000000000E-007
   1.7100000000000001E-007   1.2200000000000001E-007
   2.8799999999999998E-007   1.5599999999999999E-007
   4.6400000000000003E-007   1.7300000000000000E-007
   8.6099999999999999E-007   2.6500000000000000E-007
   1.6600000000000000E-006   4.4499999999999997E-007
   3.2590000000000001E-006   8.0699999999999996E-007
   6.4230000000000002E-006   1.5290000000000001E-006
   1.2859000000000000E-005   2.9820000000000000E-006
   2.5602999999999999E-005   5.8740000000000000E-006
   5.1363999999999998E-005   1.1691999999999999E-005
   1.0273299999999999E-004   2.3396000000000001E-005
   2.0464699999999999E-004   4.7071999999999999E-005
   4.0875999999999998E-004   9.3436999999999993E-005
   8.1912200000000004E-004   1.9297400000000000E-004
   1.6520009999999999E-003   3.8741399999999999E-004
   3.3068110000000002E-003   7.5921199999999999E-004
   6.7061589999999997E-003   1.5310590000000000E-003
   2.3772134000000000E-002   1.5815083000000001E-002
   6.3991884999999998E-002   3.4775489999999999E-002
   9.2808660000000001E-002   6.2494979999999999E-002
  0.16269819199999999       0.11772753000000000     
  0.29460297499999999       0.22377001599999999     
  0.57430722999999995       0.46082908800000000     
