   1.5296000000000110,        50.000000000000000     
   1.5153777777779298,        150.00000000000000     
   1.5096319999997168,        250.00000000000000     
   1.5101387755094133,        350.00000000000000     
   1.5091358024699784,        450.00000000000000     
   1.5085223140499910,        550.00000000000000     
   1.5080142011807407,        650.00000000000000     
   1.5086222222205827,        750.00000000000000     
   1.5066906574377714,        850.00000000000000     
   1.5078293628774673,        950.00000000000000     
   1.5074975056736872,        1050.0000000000000     
   1.5077565217318247,        1150.0000000000000     
   1.5080345599951297,        1250.0000000000000     
   1.5074765432003361,        1350.0000000000000     
   1.5067129607697831,        1450.0000000000000     
   1.5075529656554734,        1550.0000000000000     
   1.5075320477447547,        1650.0000000000000     
   1.5072992653004105,        1750.0000000000000     
   1.5070807888772602,        1850.0000000000000     
   1.5075471400557090,        1950.0000000000000     
