  0.000000000000000E+000   3166.00000000000       4.000000000000531E-006
  0.000000000000000E+000   4.00000000000000       3.999999999998796E-006
  0.000000000000000E+000   3.00000000000000       2.000000000000265E-006
  0.000000000000000E+000   3.00000000000000       2.000000000000265E-006
  0.000000000000000E+000   3.00000000000000       2.000000000000265E-006
  0.000000000000000E+000   3.00000000000000       2.000000000000265E-006
  0.000000000000000E+000   3.00000000000000       1.000000000001000E-006
  0.000000000000000E+000   3.00000000000000       2.000000000000265E-006
  0.000000000000000E+000   3.00000000000000       2.000000000000265E-006
  0.000000000000000E+000   3.00000000000000       2.000000000000265E-006
  0.000000000000000E+000   4.00000000000000       2.000000000000265E-006
  0.000000000000000E+000   5.00000000000000       0.000000000000000E+000
  0.000000000000000E+000   26180.0000000000       0.000000000000000E+000
  0.000000000000000E+000   349.000000000000       0.000000000000000E+000
  0.000000000000000E+000   1058.00000000000       2.600000000000172E-005
  0.000000000000000E+000   1447.00000000000       8.400000000000074E-005
  0.000000000000000E+000   9015.00000000000       1.068400000000000E-002
  0.000000000000000E+000   5926.00000000000       8.272100000000004E-002
  0.000000000000000E+000   6100.00000000000       7.620699999999991E-002
  0.000000000000000E+000   9260.00000000000       6.562399999999968E-002
   1.00000000000000        1338.00000000000       0.000000000000000E+000
  0.000000000000000E+000   2121.00000000000       1.499999999943213E-005
   1.00000000000000        81103.0000000000       1.999999999924285E-005
   1.00000000000000        5507.00000000000       1.599999999868373E-005
  0.000000000000000E+000   374898.000000000       2.299999999877400E-005
  0.000000000000000E+000   305780.000000000       2.200000000129876E-005
  0.000000000000000E+000   262287.000000000       1.899999999466218E-005
   1.00000000000000        939630.000000000       1.899999999466218E-005
  0.000000000000000E+000   1270903.00000000       2.100000000382352E-005
  0.000000000000000E+000   1087812.00000000       6.799999999884676E-004
