   4.3045729398727417E-006   1.1394731700420380E-005
   2.5264453142881393E-006   2.5038607418537140E-006
   2.1841842681169510E-006   2.1615996956825256E-006
   2.1841842681169510E-006   2.1615996956825256E-006
   1.8307473510503769E-006   1.7744023352861404E-006
   1.9059516489505768E-006   1.7669517546892166E-006
   2.0978040993213654E-006   1.7913989722728729E-006
   2.4961773306131363E-006   1.8759164959192276E-006
   3.3495016396045685E-006   2.0640436559915543E-006
   4.8778019845485687E-006   2.4230685085058212E-006
   8.0282334238290787E-006   3.1504314392805099E-006
   1.4469958841800690E-005   4.6109780669212341E-006
   2.7306377887725830E-005   7.5169373303651810E-006
   5.2859075367450714E-005   1.3321405276656151E-005
   1.0407902300357819E-004   2.4947337806224823E-005
   2.0613148808479309E-004   4.8514921218156815E-005
   4.1438546031713486E-004   9.4952993094921112E-005
   8.2586449570953846E-004   1.8887966871261597E-004
   1.6546673141419888E-003   4.4717476703226566E-004
   3.2931391615420580E-003   7.5880065560340881E-004
