   1.53546666666669        50.0000000000000     
   1.51288888888920        150.000000000000     
   1.51082666666631        250.000000000000     
   1.50961632653050        350.000000000000     
   1.50911604938356        450.000000000000     
   1.50880881542948        550.000000000000     
   1.50844970413629        650.000000000000     
   1.50828325925361        750.000000000000     
   1.50668696655499        850.000000000000     
   1.50790914126928        950.000000000000     
   1.50753257746484        1050.00000000000     
   1.50774845619893        1150.00000000000     
   1.50761813332565        1250.00000000000     
   1.50755336075802        1350.00000000000     
   1.50666856915698        1450.00000000000     
   1.50741477625281        1550.00000000000     
   1.50745760634243        1650.00000000000     
   1.50735238092971        1750.00000000000     
   1.50730401751144        1850.00000000000     
   1.50731290819753        1950.00000000000     
