  9.536743164062500E-007  3.316164016723633E-003
  0.000000000000000E+000  9.536743164062500E-007
  0.000000000000000E+000  1.192092895507812E-006
  0.000000000000000E+000  0.000000000000000E+000
  0.000000000000000E+000  9.536743164062500E-007
  0.000000000000000E+000  1.192092895507812E-006
  0.000000000000000E+000  0.000000000000000E+000
  0.000000000000000E+000  0.000000000000000E+000
  9.536743164062500E-007  0.000000000000000E+000
  0.000000000000000E+000  1.192092895507812E-006
  0.000000000000000E+000  9.536743164062500E-007
  0.000000000000000E+000  1.907348632812500E-006
  0.000000000000000E+000  1.053905487060547E-002
  0.000000000000000E+000  3.278255462646484E-004
  9.536743164062500E-007  3.024101257324219E-003
  0.000000000000000E+000  4.072904586791992E-003
  0.000000000000000E+000  6.118059158325195E-003
  0.000000000000000E+000  3.991127014160156E-004
  9.536743164062500E-007  2.395153045654297E-003
  9.536743164062500E-007  1.986026763916016E-003
  9.536743164062500E-007  1.020193099975586E-003
  9.536743164062500E-007  2.396106719970703E-003
  1.907348632812500E-006  4.904031753540039E-003
  9.536743164062500E-007  1.069784164428711E-002
  9.536743164062500E-007  2.484011650085449E-002
  9.536743164062500E-007  3.876304626464844E-002
  9.536743164062500E-007  9.664011001586914E-002
