   5.0563830882310867E-006   1.1729309335350990E-005
   2.0207371562719345E-006   1.7180573195219040E-006
   1.6766134649515152E-006   1.6654375940561295E-006
   1.6896519809961319E-006   1.6898848116397858E-006
   1.7685815691947937E-006   1.7199199646711349E-006
   1.8440186977386475E-006   1.7161946743726730E-006
   2.0300503820180893E-006   1.7462298274040222E-006
   2.4265609681606293E-006   1.8384307622909546E-006
   3.2407697290182114E-006   2.0358711481094360E-006
   4.8195943236351013E-006   2.3967586457729340E-006
   8.0263707786798477E-006   3.1166709959506989E-006
   1.4526303857564926E-005   4.6091154217720032E-006
   2.7236761525273323E-005   7.5094867497682571E-006
   5.2979448810219765E-005   1.3300683349370956E-005
   1.0447553358972073E-004   3.0372058972716331E-005
   2.0620110444724560E-004   4.8409681767225266E-005
   4.1057146154344082E-004   9.4834482297301292E-005
   8.2535343244671822E-004   1.8889294005930424E-004
   1.6477517783641815E-003   3.8793031126260757E-004
   3.2913384493440390E-003   8.2408078014850616E-004
   6.5730470232665539E-003   1.5047236811369658E-003
   1.4008973725140095E-002   1.2597753899171948E-002
   3.3121770713478327E-002   2.7228928636759520E-002
   5.7356351520866156E-002   5.5810453137382865E-002
  0.36891297553665936       0.12986770668067038     
  0.39190554502420127       0.24063903582282364     
  0.74213912407867610       0.48873022757470608     
