 vector size (bytes) ,time (s)
           1 ,  9.021759033203125000000000000000000E-0007
         101 ,  1.163005828857421875000000000000000E-0006
         201 ,  1.263141632080078125000000000000000E-0006
         301 ,  1.555919647216796875000000000000000E-0006
         401 ,  1.638889312744140625000000000000000E-0006
         501 ,  1.869916915893554687500000000000000E-0006
         601 ,  1.996994018554687500000000000000000E-0006
         701 ,  2.145051956176757812500000000000000E-0006
         801 ,  2.447843551635742187500000000000000E-0006
         901 ,  2.626895904541015625000000000000000E-0006
        1001 ,  2.825021743774414062500000000000000E-0006
        1101 ,  3.060102462768554687500000000000000E-0006
        1201 ,  3.295898437500000000000000000000000E-0006
        1301 ,  3.290891647338867187500000000000000E-0006
        1401 ,  3.535985946655273437500000000000000E-0006
        1501 ,  3.731012344360351562500000000000000E-0006
        1601 ,  4.123926162719726562500000000000000E-0006
        1701 ,  4.076957702636718750000000000000000E-0006
        1801 ,  4.209041595458984375000000000000000E-0006
        1901 ,  4.370927810668945312500000000000000E-0006
        2001 ,  4.432916641235351562500000000000000E-0006
        2101 ,  4.544019699096679687500000000000000E-0006
        2201 ,  4.595994949340820312500000000000000E-0006
        2301 ,  5.073070526123046875000000000000000E-0006
        2401 ,  4.880905151367187500000000000000000E-0006
        2501 ,  5.052089691162109375000000000000000E-0006
        2601 ,  5.191087722778320312500000000000000E-0006
        2701 ,  5.056142807006835937500000000000000E-0006
        2801 ,  5.215883255004882812500000000000000E-0006
        2901 ,  5.600929260253906250000000000000000E-0006
        3001 ,  5.462169647216796875000000000000000E-0006
        3101 ,  5.761861801147460937500000000000000E-0006
        3201 ,  6.082057952880859375000000000000000E-0006
        3301 ,  6.093978881835937500000000000000000E-0006
        3401 ,  6.314992904663085937500000000000000E-0006
        3501 ,  6.618022918701171875000000000000000E-0006
        3601 ,  6.678104400634765625000000000000000E-0006
        3701 ,  7.140874862670898437500000000000000E-0006
        3801 ,  7.213115692138671875000000000000000E-0006
        3901 ,  7.346868515014648437500000000000000E-0006
        4001 ,  7.560968399047851562500000000000000E-0006
        4101 ,  7.791996002197265625000000000000000E-0006
        4201 ,  7.790088653564453125000000000000000E-0006
        4301 ,  7.944107055664062500000000000000000E-0006
        4401 ,  8.328914642333984375000000000000001E-0006
        4501 ,  8.223056793212890625000000000000000E-0006
        4601 ,  8.594036102294921875000000000000000E-0006
        4701 ,  8.574962615966796875000000000000001E-0006
        4801 ,  8.665084838867187500000000000000000E-0006
        4901 ,  8.834123611450195312500000000000000E-0006
        5001 ,  9.208917617797851562500000000000000E-0006
        5101 ,  9.458065032958984375000000000000000E-0006
        5201 ,  9.646177291870117187500000000000000E-0006
        5301 ,  9.469985961914062500000000000000000E-0006
        5401 ,  9.588956832885742187500000000000000E-0006
        5501 ,  9.812116622924804687500000000000000E-0006
        5601 ,  9.856939315795898437500000000000000E-0006
        5701 ,  1.011300086975097656250000000000000E-0005
        5801 ,  1.040887832641601562500000000000000E-0005
        5901 ,  1.044988632202148437500000000000000E-0005
        6001 ,  1.073694229125976562500000000000000E-0005
        6101 ,  1.061701774597167968750000000000000E-0005
        6201 ,  1.076602935791015625000000000000000E-0005
        6301 ,  1.081299781799316406250000000000000E-0005
        6401 ,  1.107287406921386718750000000000000E-0005
        6501 ,  1.096796989440917968750000000000000E-0005
        6601 ,  1.122307777404785156250000000000000E-0005
        6701 ,  1.101899147033691406250000000000000E-0005
        6801 ,  1.142382621765136718750000000000000E-0005
        6901 ,  1.163887977600097656250000000000000E-0005
        7001 ,  1.175498962402343750000000000000000E-0005
        7101 ,  1.212000846862792968750000000000000E-0005
        7201 ,  1.207804679870605468750000000000000E-0005
        7301 ,  1.212620735168457031250000000000000E-0005
        7401 ,  1.226806640625000000000000000000000E-0005
        7501 ,  1.255512237548828125000000000000000E-0005
        7601 ,  1.261305809020996093750000000000000E-0005
        7701 ,  1.270103454589843750000000000000000E-0005
        7801 ,  1.283288002014160156250000000000000E-0005
        7901 ,  1.301383972167968750000000000000000E-0005
        8001 ,  1.299190521240234375000000000000000E-0005
        8101 ,  1.334810256958007812500000000000000E-0005
        8201 ,  1.345086097717285156250000000000000E-0005
        8301 ,  1.341295242309570312500000000000000E-0005
        8401 ,  1.360797882080078125000000000000000E-0005
        8501 ,  1.379919052124023437500000000000000E-0005
        8601 ,  1.408290863037109375000000000000000E-0005
        8701 ,  1.399898529052734375000000000000000E-0005
        8801 ,  1.422500610351562500000000000000000E-0005
        8901 ,  1.412916183471679687500000000000000E-0005
        9001 ,  1.431608200073242187500000000000000E-0005
        9101 ,  1.455211639404296875000000000000000E-0005
        9201 ,  1.478004455566406250000000000000000E-0005
        9301 ,  1.594901084899902343750000000000000E-0005
        9401 ,  1.505088806152343750000000000000000E-0005
        9501 ,  1.660108566284179687500000000000000E-0005
        9601 ,  1.557016372680664062500000000000000E-0005
        9701 ,  1.617193222045898437500000000000000E-0005
        9801 ,  1.752281188964843750000000000000000E-0005
        9901 ,  1.817107200622558593750000000000000E-0005
       10001 ,  1.597404479980468750000000000000000E-0005
       10101 ,  1.621246337890625000000000000000000E-0005
       10201 ,  3.004074096679687500000000000000000E-0005
       10301 ,  1.788139343261718750000000000000000E-0005
       10401 ,  1.788139343261718750000000000000000E-0005
       10501 ,  1.788139343261718750000000000000000E-0005
       10601 ,  1.811981201171875000000000000000000E-0005
       10701 ,  1.788139343261718750000000000000000E-0005
       10801 ,  1.907348632812500000000000000000000E-0005
       10901 ,  1.788139343261718750000000000000000E-0005
       11001 ,  1.907348632812500000000000000000000E-0005
       11101 ,  1.788139343261718750000000000000000E-0005
       11201 ,  2.193450927734375000000000000000000E-0005
       11301 ,  2.288818359375000000000000000000000E-0005
       11401 ,  1.883506774902343750000000000000000E-0005
       11501 ,  1.907348632812500000000000000000000E-0005
       11601 ,  1.907348632812500000000000000000000E-0005
       11701 ,  1.907348632812500000000000000000000E-0005
       11801 ,  1.883506774902343750000000000000000E-0005
       11901 ,  1.907348632812500000000000000000000E-0005
       12001 ,  2.002716064453125000000000000000000E-0005
       12101 ,  1.907348632812500000000000000000000E-0005
       12201 ,  1.907348632812500000000000000000000E-0005
       12301 ,  3.194808959960937500000000000000000E-0005
       12401 ,  2.002716064453125000000000000000000E-0005
       12501 ,  1.883506774902343750000000000000000E-0005
       12601 ,  1.883506774902343750000000000000000E-0005
       12701 ,  2.002716064453125000000000000000000E-0005
       12801 ,  2.002716064453125000000000000000000E-0005
       12901 ,  2.002716064453125000000000000000000E-0005
       13001 ,  2.002716064453125000000000000000000E-0005
       13101 ,  2.002716064453125000000000000000000E-0005
       13201 ,  2.098083496093750000000000000000000E-0005
       13301 ,  3.099441528320312500000000000000000E-0005
       13401 ,  2.098083496093750000000000000000000E-0005
       13501 ,  2.098083496093750000000000000000000E-0005
       13601 ,  2.098083496093750000000000000000000E-0005
       13701 ,  2.193450927734375000000000000000000E-0005
       13801 ,  2.193450927734375000000000000000000E-0005
       13901 ,  2.098083496093750000000000000000000E-0005
       14001 ,  2.098083496093750000000000000000000E-0005
       14101 ,  2.193450927734375000000000000000000E-0005
       14201 ,  2.193450927734375000000000000000000E-0005
       14301 ,  3.409385681152343750000000000000000E-0005
       14401 ,  2.312660217285156250000000000000000E-0005
       14501 ,  8.702278137207031250000000000000000E-0005
       14601 ,  2.288818359375000000000000000000000E-0005
       14701 ,  2.288818359375000000000000000000000E-0005
       14801 ,  2.193450927734375000000000000000000E-0005
       14901 ,  2.288818359375000000000000000000000E-0005
       15001 ,  2.288818359375000000000000000000000E-0005
       15101 ,  2.288818359375000000000000000000000E-0005
       15201 ,  2.288818359375000000000000000000000E-0005
       15301 ,  3.004074096679687500000000000000000E-0005
       15401 ,  3.004074096679687500000000000000000E-0005
       15501 ,  2.384185791015625000000000000000000E-0005
       15601 ,  2.384185791015625000000000000000000E-0005
       15701 ,  2.408027648925781250000000000000000E-0005
       15801 ,  2.408027648925781250000000000000000E-0005
       15901 ,  2.408027648925781250000000000000000E-0005
       16001 ,  2.408027648925781250000000000000000E-0005
       16101 ,  2.503395080566406250000000000000000E-0005
       16201 ,  2.503395080566406250000000000000000E-0005
       16301 ,  2.598762512207031250000000000000000E-0005
       16401 ,  6.389617919921875000000000000000000E-0005
       16501 ,  3.218650817871093750000000000000000E-0005
       16601 ,  3.099441528320312500000000000000000E-0005
       16701 ,  3.314018249511718750000000000000000E-0005
       16801 ,  9.679794311523437500000000000000000E-0005
       16901 ,  3.123283386230468750000000000000000E-0005
       17001 ,  3.290176391601562500000000000000000E-0005
       17101 ,  3.409385681152343750000000000000000E-0005
       17201 ,  3.004074096679687500000000000000000E-0005
       17301 ,  3.004074096679687500000000000000000E-0005
       17401 ,  3.099441528320312500000000000000000E-0005
       17501 ,  3.004074096679687500000000000000000E-0005
       17601 ,  3.099441528320312500000000000000000E-0005
       17701 ,  3.099441528320312500000000000000000E-0005
       17801 ,  3.099441528320312500000000000000000E-0005
       17901 ,  3.099441528320312500000000000000000E-0005
       18001 ,  6.484985351562500000000000000000000E-0005
       18101 ,  3.385543823242187500000000000000000E-0005
       18201 ,  3.385543823242187500000000000000000E-0005
       18301 ,  3.218650817871093750000000000000000E-0005
       18401 ,  3.218650817871093750000000000000000E-0005
       18501 ,  3.194808959960937500000000000000000E-0005
       18601 ,  3.194808959960937500000000000000000E-0005
       18701 ,  8.797645568847656250000000000000000E-0005
       18801 ,  3.290176391601562500000000000000000E-0005
       18901 ,  3.194808959960937500000000000000000E-0005
       19001 ,  3.504753112792968750000000000000000E-0005
       19101 ,  3.314018249511718750000000000000000E-0005
       19201 ,  3.480911254882812500000000000000000E-0005
       19301 ,  3.194808959960937500000000000000000E-0005
       19401 ,  3.314018249511718750000000000000000E-0005
       19501 ,  3.290176391601562500000000000000000E-0005
       19601 ,  3.385543823242187500000000000000000E-0005
       19701 ,  3.314018249511718750000000000000000E-0005
       19801 ,  3.290176391601562500000000000000000E-0005
       19901 ,  3.480911254882812500000000000000000E-0005
       20001 ,  3.600120544433593750000000000000000E-0005
       20101 ,  3.409385681152343750000000000000000E-0005
       20201 ,  3.600120544433593750000000000000000E-0005
       20301 ,  8.606910705566406250000000000000000E-0005
       20401 ,  3.409385681152343750000000000000000E-0005
       20501 ,  3.600120544433593750000000000000000E-0005
       20601 ,  3.504753112792968750000000000000000E-0005
       20701 ,  3.385543823242187500000000000000000E-0005
       20801 ,  3.385543823242187500000000000000000E-0005
       20901 ,  3.385543823242187500000000000000000E-0005
       21001 ,  3.385543823242187500000000000000000E-0005
       21101 ,  3.790855407714843750000000000000000E-0005
       21201 ,  3.814697265625000000000000000000000E-0005
       21301 ,  3.504753112792968750000000000000000E-0005
       21401 ,  3.504753112792968750000000000000000E-0005
       21501 ,  3.504753112792968750000000000000000E-0005
       21601 ,  3.504753112792968750000000000000000E-0005
       21701 ,  3.600120544433593750000000000000000E-0005
       21801 ,  3.600120544433593750000000000000000E-0005
       21901 ,  3.504753112792968750000000000000000E-0005
       22001 ,  3.600120544433593750000000000000000E-0005
       22101 ,  3.886222839355468750000000000000000E-0005
       22201 ,  3.480911254882812500000000000000000E-0005
       22301 ,  1.039505004882812500000000000000000E-0004
       22401 ,  3.790855407714843750000000000000000E-0005
       22501 ,  3.695487976074218750000000000000000E-0005
       22601 ,  3.600120544433593750000000000000000E-0005
       22701 ,  3.600120544433593750000000000000000E-0005
       22801 ,  3.600120544433593750000000000000000E-0005
       22901 ,  3.600120544433593750000000000000000E-0005
       23001 ,  3.695487976074218750000000000000000E-0005
       23101 ,  4.005432128906250000000000000000000E-0005
       23201 ,  3.695487976074218750000000000000000E-0005
       23301 ,  3.910064697265625000000000000000000E-0005
       23401 ,  3.719329833984375000000000000000000E-0005
       23501 ,  3.695487976074218750000000000000000E-0005
       23601 ,  3.695487976074218750000000000000000E-0005
       23701 ,  3.695487976074218750000000000000000E-0005
       23801 ,  3.695487976074218750000000000000000E-0005
       23901 ,  3.790855407714843750000000000000000E-0005
       24001 ,  1.680850982666015625000000000000000E-0004
       24101 ,  4.196166992187500000000000000000000E-0005
       24201 ,  3.910064697265625000000000000000000E-0005
       24301 ,  4.100799560546875000000000000000000E-0005
       24401 ,  3.910064697265625000000000000000000E-0005
       24501 ,  3.886222839355468750000000000000000E-0005
       24601 ,  3.790855407714843750000000000000000E-0005
       24701 ,  3.910064697265625000000000000000000E-0005
       24801 ,  4.005432128906250000000000000000000E-0005
       24901 ,  3.886222839355468750000000000000000E-0005
       25001 ,  3.910064697265625000000000000000000E-0005
       25101 ,  4.291534423828125000000000000000000E-0005
       25201 ,  3.910064697265625000000000000000000E-0005
       25301 ,  4.100799560546875000000000000000000E-0005
       25401 ,  4.005432128906250000000000000000000E-0005
       25501 ,  4.100799560546875000000000000000000E-0005
       25601 ,  4.005432128906250000000000000000000E-0005
       25701 ,  4.100799560546875000000000000000000E-0005
       25801 ,  4.005432128906250000000000000000000E-0005
       25901 ,  4.005432128906250000000000000000000E-0005
       26001 ,  3.981590270996093750000000000000000E-0005
       26101 ,  4.005432128906250000000000000000000E-0005
       26201 ,  4.291534423828125000000000000000000E-0005
       26301 ,  4.100799560546875000000000000000000E-0005
       26401 ,  4.291534423828125000000000000000000E-0005
       26501 ,  4.100799560546875000000000000000000E-0005
       26601 ,  4.100799560546875000000000000000000E-0005
       26701 ,  4.100799560546875000000000000000000E-0005
       26801 ,  4.196166992187500000000000000000000E-0005
       26901 ,  4.100799560546875000000000000000000E-0005
       27001 ,  1.089572906494140625000000000000000E-0004
       27101 ,  4.196166992187500000000000000000000E-0005
       27201 ,  4.410743713378906250000000000000000E-0005
       27301 ,  4.196166992187500000000000000000000E-0005
       27401 ,  4.482269287109375000000000000000000E-0005
       27501 ,  4.220008850097656250000000000000000E-0005
       27601 ,  4.100799560546875000000000000000000E-0005
       27701 ,  4.315376281738281250000000000000000E-0005
       27801 ,  4.196166992187500000000000000000000E-0005
       27901 ,  4.196166992187500000000000000000000E-0005
       28001 ,  4.196166992187500000000000000000000E-0005
       28101 ,  4.220008850097656250000000000000000E-0005
       28201 ,  4.601478576660156250000000000000000E-0005
       28301 ,  4.315376281738281250000000000000000E-0005
       28401 ,  4.482269287109375000000000000000000E-0005
       28501 ,  4.386901855468750000000000000000000E-0005
       28601 ,  4.386901855468750000000000000000000E-0005
       28701 ,  4.315376281738281250000000000000000E-0005
       28801 ,  4.386901855468750000000000000000000E-0005
       28901 ,  4.315376281738281250000000000000000E-0005
       29001 ,  4.386901855468750000000000000000000E-0005
       29101 ,  4.291534423828125000000000000000000E-0005
       29201 ,  4.506111145019531250000000000000000E-0005
       29301 ,  4.291534423828125000000000000000000E-0005
       29401 ,  4.506111145019531250000000000000000E-0005
       29501 ,  4.220008850097656250000000000000000E-0005
       29601 ,  4.196166992187500000000000000000000E-0005
       29701 ,  8.392333984375000000000000000000000E-0005
       29801 ,  4.410743713378906250000000000000000E-0005
       29901 ,  4.196166992187500000000000000000000E-0005
       30001 ,  4.196166992187500000000000000000000E-0005
       30101 ,  4.196166992187500000000000000000000E-0005
       30201 ,  4.196166992187500000000000000000000E-0005
       30301 ,  4.506111145019531250000000000000000E-0005
       30401 ,  4.816055297851562500000000000000000E-0005
       30501 ,  4.291534423828125000000000000000000E-0005
       30601 ,  4.315376281738281250000000000000000E-0005
       30701 ,  4.386901855468750000000000000000000E-0005
       30801 ,  4.386901855468750000000000000000000E-0005
       30901 ,  4.410743713378906250000000000000000E-0005
       31001 ,  4.410743713378906250000000000000000E-0005
       31101 ,  4.506111145019531250000000000000000E-0005
       31201 ,  1.020431518554687500000000000000000E-0004
       31301 ,  5.197525024414062500000000000000000E-0005
       31401 ,  4.386901855468750000000000000000000E-0005
       31501 ,  4.792213439941406250000000000000000E-0005
       31601 ,  4.410743713378906250000000000000000E-0005
       31701 ,  4.410743713378906250000000000000000E-0005
       31801 ,  4.506111145019531250000000000000000E-0005
       31901 ,  4.506111145019531250000000000000000E-0005
       32001 ,  4.601478576660156250000000000000000E-0005
       32101 ,  4.482269287109375000000000000000000E-0005
       32201 ,  4.601478576660156250000000000000000E-0005
       32301 ,  4.792213439941406250000000000000000E-0005
       32401 ,  4.601478576660156250000000000000000E-0005
       32501 ,  4.887580871582031250000000000000000E-0005
       32601 ,  4.792213439941406250000000000000000E-0005
       32701 ,  4.696846008300781250000000000000000E-0005
       32801 ,  4.601478576660156250000000000000000E-0005
       32901 ,  4.696846008300781250000000000000000E-0005
       33001 ,  4.601478576660156250000000000000000E-0005
       33101 ,  4.601478576660156250000000000000000E-0005
       33201 ,  4.696846008300781250000000000000000E-0005
       33301 ,  5.793571472167968750000000000000000E-0005
       33401 ,  5.602836608886718750000000000000000E-0005
       33501 ,  6.818771362304687500000000000000000E-0005
       33601 ,  6.294250488281250000000000000000000E-0005
       33701 ,  6.508827209472656250000000000000000E-0005
       33801 ,  5.102157592773437500000000000000000E-0005
       33901 ,  5.292892456054687500000000000000000E-0005
       34001 ,  4.792213439941406250000000000000000E-0005
       34101 ,  4.792213439941406250000000000000000E-0005
       34201 ,  4.792213439941406250000000000000000E-0005
       34301 ,  4.816055297851562500000000000000000E-0005
       34401 ,  5.102157592773437500000000000000000E-0005
       34501 ,  5.197525024414062500000000000000000E-0005
       34601 ,  4.816055297851562500000000000000000E-0005
       34701 ,  4.816055297851562500000000000000000E-0005
       34801 ,  1.730918884277343750000000000000000E-0004
       34901 ,  5.006790161132812500000000000000000E-0005
       35001 ,  4.911422729492187500000000000000000E-0005
       35101 ,  4.911422729492187500000000000000000E-0005
       35201 ,  4.887580871582031250000000000000000E-0005
       35301 ,  4.911422729492187500000000000000000E-0005
       35401 ,  5.197525024414062500000000000000000E-0005
       35501 ,  4.911422729492187500000000000000000E-0005
       35601 ,  5.197525024414062500000000000000000E-0005
       35701 ,  4.982948303222656250000000000000000E-0005
       35801 ,  4.911422729492187500000000000000000E-0005
       35901 ,  5.006790161132812500000000000000000E-0005
       36001 ,  2.088546752929687500000000000000000E-0004
       36101 ,  5.197525024414062500000000000000000E-0005
       36201 ,  5.006790161132812500000000000000000E-0005
       36301 ,  4.982948303222656250000000000000000E-0005
       36401 ,  5.292892456054687500000000000000000E-0005
       36501 ,  5.102157592773437500000000000000000E-0005
       36601 ,  5.483627319335937500000000000000000E-0005
       36701 ,  5.006790161132812500000000000000000E-0005
       36801 ,  4.982948303222656250000000000000000E-0005
       36901 ,  5.102157592773437500000000000000000E-0005
       37001 ,  5.102157592773437500000000000000000E-0005
       37101 ,  1.139640808105468750000000000000000E-0004
       37201 ,  5.292892456054687500000000000000000E-0005
       37301 ,  5.102157592773437500000000000000000E-0005
       37401 ,  5.388259887695312500000000000000000E-0005
       37501 ,  5.197525024414062500000000000000000E-0005
       37601 ,  5.507469177246093750000000000000000E-0005
       37701 ,  5.197525024414062500000000000000000E-0005
       37801 ,  5.197525024414062500000000000000000E-0005
       37901 ,  5.197525024414062500000000000000000E-0005
       38001 ,  5.197525024414062500000000000000000E-0005
       38101 ,  5.197525024414062500000000000000000E-0005
       38201 ,  5.292892456054687500000000000000000E-0005
       38301 ,  1.718997955322265625000000000000000E-0004
       38401 ,  5.412101745605468750000000000000000E-0005
       38501 ,  5.507469177246093750000000000000000E-0005
       38601 ,  5.698204040527343750000000000000000E-0005
       38701 ,  5.292892456054687500000000000000000E-0005
       38801 ,  5.292892456054687500000000000000000E-0005
       38901 ,  5.412101745605468750000000000000000E-0005
       39001 ,  5.292892456054687500000000000000000E-0005
       39101 ,  5.292892456054687500000000000000000E-0005
       39201 ,  5.316734313964843750000000000000000E-0005
       39301 ,  5.388259887695312500000000000000000E-0005
       39401 ,  1.511573791503906250000000000000000E-0004
       39501 ,  5.793571472167968750000000000000000E-0005
       39601 ,  5.412101745605468750000000000000000E-0005
       39701 ,  5.698204040527343750000000000000000E-0005
       39801 ,  5.507469177246093750000000000000000E-0005
       39901 ,  5.507469177246093750000000000000000E-0005
       40001 ,  5.388259887695312500000000000000000E-0005
       40101 ,  5.412101745605468750000000000000000E-0005
       40201 ,  5.507469177246093750000000000000000E-0005
       40301 ,  5.483627319335937500000000000000000E-0005
       40401 ,  5.507469177246093750000000000000000E-0005
       40501 ,  6.413459777832031250000000000000000E-0005
       40601 ,  5.602836608886718750000000000000000E-0005
       40701 ,  5.912780761718750000000000000000000E-0005
       40801 ,  5.602836608886718750000000000000000E-0005
       40901 ,  5.483627319335937500000000000000000E-0005
       41001 ,  5.483627319335937500000000000000000E-0005
       41101 ,  5.602836608886718750000000000000000E-0005
       41201 ,  5.483627319335937500000000000000000E-0005
       41301 ,  5.602836608886718750000000000000000E-0005
       41401 ,  5.602836608886718750000000000000000E-0005
       41501 ,  5.793571472167968750000000000000000E-0005
       41601 ,  5.602836608886718750000000000000000E-0005
       41701 ,  1.258850097656250000000000000000000E-0004
       41801 ,  5.793571472167968750000000000000000E-0005
       41901 ,  5.698204040527343750000000000000000E-0005
       42001 ,  5.698204040527343750000000000000000E-0005
       42101 ,  5.698204040527343750000000000000000E-0005
       42201 ,  5.698204040527343750000000000000000E-0005
       42301 ,  5.817413330078125000000000000000000E-0005
       42401 ,  5.793571472167968750000000000000000E-0005
       42501 ,  5.793571472167968750000000000000000E-0005
       42601 ,  6.079673767089843750000000000000000E-0005
       42701 ,  6.103515625000000000000000000000000E-0005
       42801 ,  1.270771026611328125000000000000000E-0004
       42901 ,  6.008148193359375000000000000000000E-0005
       43001 ,  5.817413330078125000000000000000000E-0005
       43101 ,  5.698204040527343750000000000000000E-0005
       43201 ,  5.817413330078125000000000000000000E-0005
       43301 ,  5.793571472167968750000000000000000E-0005
       43401 ,  5.793571472167968750000000000000000E-0005
       43501 ,  5.888938903808593750000000000000000E-0005
       43601 ,  6.103515625000000000000000000000000E-0005
       43701 ,  5.888938903808593750000000000000000E-0005
       43801 ,  6.198883056640625000000000000000000E-0005
       43901 ,  2.250671386718750000000000000000000E-0004
       44001 ,  5.984306335449218750000000000000000E-0005
       44101 ,  5.888938903808593750000000000000000E-0005
       44201 ,  5.984306335449218750000000000000000E-0005
       44301 ,  5.984306335449218750000000000000000E-0005
       44401 ,  7.510185241699218750000000000000000E-0005
       44501 ,  5.912780761718750000000000000000000E-0005
       44601 ,  6.413459777832031250000000000000000E-0005
       44701 ,  6.008148193359375000000000000000000E-0005
       44801 ,  1.568794250488281250000000000000000E-0004
       44901 ,  6.103515625000000000000000000000000E-0005
       45001 ,  6.103515625000000000000000000000000E-0005
       45101 ,  5.984306335449218750000000000000000E-0005
       45201 ,  6.103515625000000000000000000000000E-0005
       45301 ,  6.008148193359375000000000000000000E-0005
       45401 ,  6.103515625000000000000000000000000E-0005
       45501 ,  6.008148193359375000000000000000000E-0005
       45601 ,  6.294250488281250000000000000000000E-0005
       45701 ,  6.079673767089843750000000000000000E-0005
       45801 ,  6.914138793945312500000000000000000E-0005
       45901 ,  6.318092346191406250000000000000000E-0005
       46001 ,  6.198883056640625000000000000000000E-0005
       46101 ,  6.198883056640625000000000000000000E-0005
       46201 ,  6.103515625000000000000000000000000E-0005
       46301 ,  6.103515625000000000000000000000000E-0005
       46401 ,  6.103515625000000000000000000000000E-0005
       46501 ,  6.103515625000000000000000000000000E-0005
       46601 ,  6.079673767089843750000000000000000E-0005
       46701 ,  6.508827209472656250000000000000000E-0005
       46801 ,  6.699562072753906250000000000000000E-0005
       46901 ,  6.890296936035156250000000000000000E-0005
       47001 ,  6.294250488281250000000000000000000E-0005
       47101 ,  6.294250488281250000000000000000000E-0005
       47201 ,  6.198883056640625000000000000000000E-0005
       47301 ,  6.294250488281250000000000000000000E-0005
       47401 ,  6.198883056640625000000000000000000E-0005
       47501 ,  6.294250488281250000000000000000000E-0005
       47601 ,  6.294250488281250000000000000000000E-0005
       47701 ,  6.604194641113281250000000000000000E-0005
       47801 ,  6.294250488281250000000000000000000E-0005
       47901 ,  6.604194641113281250000000000000000E-0005
       48001 ,  6.604194641113281250000000000000000E-0005
       48101 ,  6.389617919921875000000000000000000E-0005
       48201 ,  6.413459777832031250000000000000000E-0005
       48301 ,  6.389617919921875000000000000000000E-0005
       48401 ,  6.294250488281250000000000000000000E-0005
       48501 ,  6.413459777832031250000000000000000E-0005
       48601 ,  6.389617919921875000000000000000000E-0005
       48701 ,  6.604194641113281250000000000000000E-0005
       48801 ,  6.508827209472656250000000000000000E-0005
       48901 ,  7.200241088867187500000000000000000E-0005
       49001 ,  6.604194641113281250000000000000000E-0005
       49101 ,  6.484985351562500000000000000000000E-0005
       49201 ,  6.413459777832031250000000000000000E-0005
       49301 ,  6.508827209472656250000000000000000E-0005
       49401 ,  6.508827209472656250000000000000000E-0005
       49501 ,  6.508827209472656250000000000000000E-0005
       49601 ,  6.484985351562500000000000000000000E-0005
       49701 ,  6.818771362304687500000000000000000E-0005
       49801 ,  6.604194641113281250000000000000000E-0005
       49901 ,  6.890296936035156250000000000000000E-0005
       50001 ,  6.794929504394531250000000000000000E-0005
       50101 ,  6.580352783203125000000000000000000E-0005
       50201 ,  6.484985351562500000000000000000000E-0005
       50301 ,  6.580352783203125000000000000000000E-0005
       50401 ,  6.580352783203125000000000000000000E-0005
       50501 ,  6.580352783203125000000000000000000E-0005
       50601 ,  6.604194641113281250000000000000000E-0005
       50701 ,  6.890296936035156250000000000000000E-0005
       50801 ,  6.604194641113281250000000000000000E-0005
       50901 ,  1.201629638671875000000000000000000E-0004
       51001 ,  6.794929504394531250000000000000000E-0005
       51101 ,  6.699562072753906250000000000000000E-0005
       51201 ,  6.699562072753906250000000000000000E-0005
       51301 ,  6.699562072753906250000000000000000E-0005
       51401 ,  6.699562072753906250000000000000000E-0005
       51501 ,  6.794929504394531250000000000000000E-0005
       51601 ,  6.699562072753906250000000000000000E-0005
       51701 ,  6.699562072753906250000000000000000E-0005
       51801 ,  6.985664367675781250000000000000000E-0005
       51901 ,  7.009506225585937500000000000000000E-0005
       52001 ,  7.104873657226562500000000000000000E-0005
       52101 ,  6.794929504394531250000000000000000E-0005
       52201 ,  6.794929504394531250000000000000000E-0005
       52301 ,  6.818771362304687500000000000000000E-0005
       52401 ,  6.914138793945312500000000000000000E-0005
       52501 ,  6.794929504394531250000000000000000E-0005
       52601 ,  6.794929504394531250000000000000000E-0005
       52701 ,  7.104873657226562500000000000000000E-0005
       52801 ,  7.200241088867187500000000000000000E-0005
       52901 ,  6.890296936035156250000000000000000E-0005
       53001 ,  7.295608520507812500000000000000000E-0005
       53101 ,  6.914138793945312500000000000000000E-0005
       53201 ,  6.914138793945312500000000000000000E-0005
       53301 ,  6.914138793945312500000000000000000E-0005
       53401 ,  6.914138793945312500000000000000000E-0005
       53501 ,  1.120567321777343750000000000000000E-0004
       53601 ,  7.104873657226562500000000000000000E-0005
       53701 ,  7.009506225585937500000000000000000E-0005
       53801 ,  7.319450378417968750000000000000000E-0005
       53901 ,  7.009506225585937500000000000000000E-0005
       54001 ,  7.414817810058593750000000000000000E-0005
       54101 ,  7.104873657226562500000000000000000E-0005
       54201 ,  7.104873657226562500000000000000000E-0005
       54301 ,  6.985664367675781250000000000000000E-0005
       54401 ,  1.890659332275390625000000000000000E-0004
       54501 ,  7.081031799316406250000000000000000E-0005
       54601 ,  7.009506225585937500000000000000000E-0005
       54701 ,  6.985664367675781250000000000000000E-0005
       54801 ,  7.390975952148437500000000000000000E-0005
       54901 ,  7.104873657226562500000000000000000E-0005
       55001 ,  7.510185241699218750000000000000000E-0005
       55101 ,  7.200241088867187500000000000000000E-0005
       55201 ,  1.990795135498046875000000000000000E-0004
       55301 ,  7.295608520507812500000000000000000E-0005
       55401 ,  7.200241088867187500000000000000000E-0005
       55501 ,  7.200241088867187500000000000000000E-0005
       55601 ,  7.200241088867187500000000000000000E-0005
       55701 ,  7.295608520507812500000000000000000E-0005
       55801 ,  7.200241088867187500000000000000000E-0005
       55901 ,  7.510185241699218750000000000000000E-0005
       56001 ,  7.581710815429687500000000000000000E-0005
       56101 ,  7.510185241699218750000000000000000E-0005
       56201 ,  7.295608520507812500000000000000000E-0005
       56301 ,  7.200241088867187500000000000000000E-0005
       56401 ,  7.319450378417968750000000000000000E-0005
       56501 ,  7.390975952148437500000000000000000E-0005
       56601 ,  7.295608520507812500000000000000000E-0005
       56701 ,  7.295608520507812500000000000000000E-0005
       56801 ,  7.390975952148437500000000000000000E-0005
       56901 ,  7.700920104980468750000000000000000E-0005
       57001 ,  7.581710815429687500000000000000000E-0005
       57101 ,  7.820129394531250000000000000000000E-0005
       57201 ,  7.414817810058593750000000000000000E-0005
       57301 ,  7.390975952148437500000000000000000E-0005
       57401 ,  7.390975952148437500000000000000000E-0005
       57501 ,  7.390975952148437500000000000000000E-0005
       57601 ,  7.414817810058593750000000000000000E-0005
       57701 ,  7.390975952148437500000000000000000E-0005
       57801 ,  2.939701080322265625000000000000000E-0004
       57901 ,  7.796287536621093750000000000000000E-0005
       58001 ,  7.510185241699218750000000000000000E-0005
       58101 ,  7.796287536621093750000000000000000E-0005
       58201 ,  7.510185241699218750000000000000000E-0005
       58301 ,  7.486343383789062500000000000000000E-0005
       58401 ,  7.510185241699218750000000000000000E-0005
       58501 ,  8.201599121093750000000000000000000E-0005
       58601 ,  7.700920104980468750000000000000000E-0005
       58701 ,  7.486343383789062500000000000000000E-0005
       58801 ,  7.486343383789062500000000000000000E-0005
       58901 ,  7.796287536621093750000000000000000E-0005
       59001 ,  7.486343383789062500000000000000000E-0005
       59101 ,  8.010864257812500000000000000000000E-0005
       59201 ,  7.605552673339843750000000000000000E-0005
       59301 ,  7.486343383789062500000000000000000E-0005
       59401 ,  1.919269561767578125000000000000000E-0004
       59501 ,  7.700920104980468750000000000000000E-0005
       59601 ,  7.605552673339843750000000000000000E-0005
       59701 ,  7.700920104980468750000000000000000E-0005
       59801 ,  7.605552673339843750000000000000000E-0005
       59901 ,  7.700920104980468750000000000000000E-0005
       60001 ,  7.915496826171875000000000000000000E-0005
       60101 ,  8.106231689453125000000000000000000E-0005
       60201 ,  7.891654968261718750000000000000000E-0005
       60301 ,  7.796287536621093750000000000000000E-0005
       60401 ,  7.796287536621093750000000000000000E-0005
       60501 ,  7.796287536621093750000000000000000E-0005
       60601 ,  7.700920104980468750000000000000000E-0005
       60701 ,  7.820129394531250000000000000000000E-0005
       60801 ,  7.796287536621093750000000000000000E-0005
       60901 ,  7.796287536621093750000000000000000E-0005
       61001 ,  8.201599121093750000000000000000000E-0005
       61101 ,  7.891654968261718750000000000000000E-0005
       61201 ,  8.296966552734375000000000000000000E-0005
       61301 ,  7.796287536621093750000000000000000E-0005
       61401 ,  7.796287536621093750000000000000000E-0005
       61501 ,  7.891654968261718750000000000000000E-0005
       61601 ,  8.010864257812500000000000000000000E-0005
       61701 ,  7.891654968261718750000000000000000E-0005
       61801 ,  8.106231689453125000000000000000000E-0005
       61901 ,  8.010864257812500000000000000000000E-0005
       62001 ,  8.106231689453125000000000000000000E-0005
       62101 ,  7.891654968261718750000000000000000E-0005
       62201 ,  8.296966552734375000000000000000000E-0005
       62301 ,  7.891654968261718750000000000000000E-0005
       62401 ,  7.987022399902343750000000000000000E-0005
       62501 ,  1.230239868164062500000000000000000E-0004
       62601 ,  8.201599121093750000000000000000000E-0005
       62701 ,  8.106231689453125000000000000000000E-0005
       62801 ,  8.082389831542968750000000000000000E-0005
       62901 ,  7.987022399902343750000000000000000E-0005
       63001 ,  8.296966552734375000000000000000000E-0005
       63101 ,  7.987022399902343750000000000000000E-0005
       63201 ,  8.487701416015625000000000000000000E-0005
       63301 ,  1.518726348876953125000000000000000E-0004
       63401 ,  8.296966552734375000000000000000000E-0005
       63501 ,  8.201599121093750000000000000000000E-0005
       63601 ,  8.201599121093750000000000000000000E-0005
       63701 ,  8.201599121093750000000000000000000E-0005
       63801 ,  8.201599121093750000000000000000000E-0005
       63901 ,  8.201599121093750000000000000000000E-0005
       64001 ,  8.106231689453125000000000000000000E-0005
       64101 ,  1.938343048095703125000000000000000E-0004
       64201 ,  8.511543273925781250000000000000000E-0005
       64301 ,  8.296966552734375000000000000000000E-0005
       64401 ,  8.296966552734375000000000000000000E-0005
       64501 ,  8.201599121093750000000000000000000E-0005
       64601 ,  8.201599121093750000000000000000000E-0005
       64701 ,  8.296966552734375000000000000000000E-0005
       64801 ,  1.158714294433593750000000000000000E-0004
       64901 ,  8.606910705566406250000000000000000E-0005
       65001 ,  8.320808410644531250000000000000000E-0005
       65101 ,  8.797645568847656250000000000000000E-0005
       65201 ,  8.511543273925781250000000000000000E-0005
       65301 ,  8.678436279296875000000000000000000E-0005
       65401 ,  8.511543273925781250000000000000000E-0005
       65501 ,  8.606910705566406250000000000000000E-0005
       65601 ,  1.680850982666015625000000000000000E-0004
       65701 ,  8.678436279296875000000000000000000E-0005
       65801 ,  8.606910705566406250000000000000000E-0005
       65901 ,  8.702278137207031250000000000000000E-0005
       66001 ,  8.916854858398437500000000000000000E-0005
       66101 ,  9.083747863769531250000000000000000E-0005
       66201 ,  8.511543273925781250000000000000000E-0005
       66301 ,  2.617835998535156250000000000000000E-0004
       66401 ,  8.511543273925781250000000000000000E-0005
       66501 ,  8.487701416015625000000000000000000E-0005
       66601 ,  8.511543273925781250000000000000000E-0005
       66701 ,  8.487701416015625000000000000000000E-0005
       66801 ,  8.606910705566406250000000000000000E-0005
       66901 ,  8.606910705566406250000000000000000E-0005
       67001 ,  8.797645568847656250000000000000000E-0005
       67101 ,  9.107589721679687500000000000000000E-0005
       67201 ,  8.797645568847656250000000000000000E-0005
       67301 ,  9.584426879882812500000000000000000E-0005
       67401 ,  3.499984741210937500000000000000000E-0004
       67501 ,  1.280307769775390625000000000000000E-0004
       67601 ,  8.702278137207031250000000000000000E-0005
       67701 ,  8.702278137207031250000000000000000E-0005
       67801 ,  8.702278137207031250000000000000000E-0005
       67901 ,  8.702278137207031250000000000000000E-0005
       68001 ,  2.889633178710937500000000000000000E-0004
       68101 ,  8.702278137207031250000000000000000E-0005
       68201 ,  9.107589721679687500000000000000000E-0005
       68301 ,  8.988380432128906250000000000000000E-0005
       68401 ,  8.797645568847656250000000000000000E-0005
       68501 ,  8.702278137207031250000000000000000E-0005
       68601 ,  2.450942993164062500000000000000000E-0004
       68701 ,  8.797645568847656250000000000000000E-0005
       68801 ,  8.702278137207031250000000000000000E-0005
       68901 ,  8.797645568847656250000000000000000E-0005
       69001 ,  8.797645568847656250000000000000000E-0005
       69101 ,  8.797645568847656250000000000000000E-0005
       69201 ,  9.012222290039062500000000000000000E-0005
       69301 ,  9.012222290039062500000000000000000E-0005
       69401 ,  9.202957153320312500000000000000000E-0005
       69501 ,  8.893013000488281250000000000000000E-0005
       69601 ,  9.012222290039062500000000000000000E-0005
       69701 ,  8.916854858398437500000000000000000E-0005
       69801 ,  3.268718719482421875000000000000000E-0004
       69901 ,  8.988380432128906250000000000000000E-0005
       70001 ,  8.916854858398437500000000000000000E-0005
       70101 ,  8.893013000488281250000000000000000E-0005
       70201 ,  9.202957153320312500000000000000000E-0005
       70301 ,  9.012222290039062500000000000000000E-0005
       70401 ,  2.770423889160156250000000000000000E-0004
       70501 ,  9.107589721679687500000000000000000E-0005
       70601 ,  9.012222290039062500000000000000000E-0005
       70701 ,  9.012222290039062500000000000000000E-0005
       70801 ,  9.083747863769531250000000000000000E-0005
       70901 ,  8.988380432128906250000000000000000E-0005
       71001 ,  3.981590270996093750000000000000000E-0004
       71101 ,  9.107589721679687500000000000000000E-0005
       71201 ,  9.298324584960937500000000000000000E-0005
       71301 ,  9.107589721679687500000000000000000E-0005
       71401 ,  9.512901306152343750000000000000000E-0005
       71501 ,  2.880096435546875000000000000000000E-0004
       71601 ,  9.202957153320312500000000000000000E-0005
       71701 ,  9.202957153320312500000000000000000E-0005
       71801 ,  9.202957153320312500000000000000000E-0005
       71901 ,  9.107589721679687500000000000000000E-0005
       72001 ,  9.298324584960937500000000000000000E-0005
       72101 ,  3.299713134765625000000000000000000E-0004
       72201 ,  9.393692016601562500000000000000000E-0005
       72301 ,  9.489059448242187500000000000000000E-0005
       72401 ,  9.584426879882812500000000000000000E-0005
       72501 ,  9.298324584960937500000000000000000E-0005
       72601 ,  9.202957153320312500000000000000000E-0005
       72701 ,  9.393692016601562500000000000000000E-0005
       72801 ,  9.298324584960937500000000000000000E-0005
       72901 ,  9.202957153320312500000000000000000E-0005
       73001 ,  1.308917999267578125000000000000000E-0004
       73101 ,  9.298324584960937500000000000000000E-0005
       73201 ,  9.298324584960937500000000000000000E-0005
       73301 ,  9.703636169433593750000000000000000E-0005
       73401 ,  9.202957153320312500000000000000000E-0005
       73501 ,  9.703636169433593750000000000000000E-0005
       73601 ,  9.393692016601562500000000000000000E-0005
       73701 ,  9.298324584960937500000000000000000E-0005
       73801 ,  9.393692016601562500000000000000000E-0005
       73901 ,  2.129077911376953125000000000000000E-0004
       74001 ,  9.393692016601562500000000000000000E-0005
       74101 ,  9.489059448242187500000000000000000E-0005
       74201 ,  9.393692016601562500000000000000000E-0005
       74301 ,  9.894371032714843750000000000000000E-0005
       74401 ,  9.512901306152343750000000000000000E-0005
       74501 ,  2.441406250000000000000000000000000E-0004
       74601 ,  9.584426879882812500000000000000000E-0005
       74701 ,  9.489059448242187500000000000000000E-0005
       74801 ,  9.489059448242187500000000000000000E-0005
       74901 ,  9.489059448242187500000000000000000E-0005
       75001 ,  9.489059448242187500000000000000000E-0005
       75101 ,  9.512901306152343750000000000000000E-0005
       75201 ,  9.918212890625000000000000000000000E-0005
       75301 ,  9.799003601074218750000000000000000E-0005
       75401 ,  9.512901306152343750000000000000000E-0005
       75501 ,  1.010894775390625000000000000000000E-0004
       75601 ,  9.489059448242187500000000000000000E-0005
       75701 ,  9.608268737792968750000000000000000E-0005
       75801 ,  1.649856567382812500000000000000000E-0004
       75901 ,  9.608268737792968750000000000000000E-0005
       76001 ,  9.584426879882812500000000000000000E-0005
       76101 ,  9.703636169433593750000000000000000E-0005
       76201 ,  9.584426879882812500000000000000000E-0005
       76301 ,  9.894371032714843750000000000000000E-0005
       76401 ,  2.260208129882812500000000000000000E-0004
       76501 ,  1.010894775390625000000000000000000E-0004
       76601 ,  9.703636169433593750000000000000000E-0005
       76701 ,  9.703636169433593750000000000000000E-0005
       76801 ,  9.799003601074218750000000000000000E-0005
       76901 ,  9.679794311523437500000000000000000E-0005
       77001 ,  2.300739288330078125000000000000000E-0004
       77101 ,  9.894371032714843750000000000000000E-0005
       77201 ,  9.799003601074218750000000000000000E-0005
       77301 ,  9.799003601074218750000000000000000E-0005
       77401 ,  9.989738464355468750000000000000000E-0005
       77501 ,  9.799003601074218750000000000000000E-0005
       77601 ,  1.711845397949218750000000000000000E-0004
       77701 ,  9.894371032714843750000000000000000E-0005
       77801 ,  9.918212890625000000000000000000000E-0005
       77901 ,  9.799003601074218750000000000000000E-0005
       78001 ,  9.894371032714843750000000000000000E-0005
       78101 ,  9.799003601074218750000000000000000E-0005
       78201 ,  9.894371032714843750000000000000000E-0005
       78301 ,  1.878738403320312500000000000000000E-0004
       78401 ,  1.008510589599609375000000000000000E-0004
       78501 ,  9.918212890625000000000000000000000E-0005
       78601 ,  1.029968261718750000000000000000000E-0004
       78701 ,  1.001358032226562500000000000000000E-0004
       78801 ,  9.989738464355468750000000000000000E-0005
       78901 ,  1.931190490722656250000000000000000E-0004
       79001 ,  9.989738464355468750000000000000000E-0005
       79101 ,  1.001358032226562500000000000000000E-0004
       79201 ,  9.989738464355468750000000000000000E-0005
       79301 ,  1.001358032226562500000000000000000E-0004
       79401 ,  1.039505004882812500000000000000000E-0004
       79501 ,  1.659393310546875000000000000000000E-0004
       79601 ,  1.039505004882812500000000000000000E-0004
       79701 ,  9.989738464355468750000000000000000E-0005
       79801 ,  1.008510589599609375000000000000000E-0004
       79901 ,  1.001358032226562500000000000000000E-0004
       80001 ,  9.989738464355468750000000000000000E-0005
       80101 ,  9.989738464355468750000000000000000E-0005
       80201 ,  1.029968261718750000000000000000000E-0004
       80301 ,  1.010894775390625000000000000000000E-0004
       80401 ,  1.039505004882812500000000000000000E-0004
       80501 ,  1.008510589599609375000000000000000E-0004
       80601 ,  1.039505004882812500000000000000000E-0004
       80701 ,  1.010894775390625000000000000000000E-0004
       80801 ,  1.018047332763671875000000000000000E-0004
       80901 ,  1.020431518554687500000000000000000E-0004
       81001 ,  1.010894775390625000000000000000000E-0004
       81101 ,  1.020431518554687500000000000000000E-0004
       81201 ,  1.029968261718750000000000000000000E-0004
       81301 ,  1.018047332763671875000000000000000E-0004
       81401 ,  1.769065856933593750000000000000000E-0004
       81501 ,  1.060962677001953125000000000000000E-0004
       81601 ,  1.058578491210937500000000000000000E-0004
       81701 ,  1.029968261718750000000000000000000E-0004
       81801 ,  1.029968261718750000000000000000000E-0004
       81901 ,  1.029968261718750000000000000000000E-0004
       82001 ,  1.478195190429687500000000000000000E-0004
       82101 ,  1.039505004882812500000000000000000E-0004
       82201 ,  1.039505004882812500000000000000000E-0004
       82301 ,  1.029968261718750000000000000000000E-0004
       82401 ,  1.029968261718750000000000000000000E-0004
       82501 ,  1.060962677001953125000000000000000E-0004
       82601 ,  1.749992370605468750000000000000000E-0004
       82701 ,  1.080036163330078125000000000000000E-0004
       82801 ,  1.041889190673828125000000000000000E-0004
       82901 ,  1.039505004882812500000000000000000E-0004
       83001 ,  1.039505004882812500000000000000000E-0004
       83101 ,  1.039505004882812500000000000000000E-0004
       83201 ,  1.099109649658203125000000000000000E-0004
       83301 ,  1.060962677001953125000000000000000E-0004
       83401 ,  1.049041748046875000000000000000000E-0004
       83501 ,  1.070499420166015625000000000000000E-0004
       83601 ,  1.049041748046875000000000000000000E-0004
       83701 ,  1.080036163330078125000000000000000E-0004
       83801 ,  1.051425933837890625000000000000000E-0004
       83901 ,  1.049041748046875000000000000000000E-0004
       84001 ,  1.051425933837890625000000000000000E-0004
       84101 ,  1.051425933837890625000000000000000E-0004
       84201 ,  1.060962677001953125000000000000000E-0004
       84301 ,  1.049041748046875000000000000000000E-0004
       84401 ,  1.049041748046875000000000000000000E-0004
       84501 ,  1.111030578613281250000000000000000E-0004
       84601 ,  1.051425933837890625000000000000000E-0004
       84701 ,  1.089572906494140625000000000000000E-0004
       84801 ,  1.070499420166015625000000000000000E-0004
       84901 ,  1.058578491210937500000000000000000E-0004
       85001 ,  1.070499420166015625000000000000000E-0004
       85101 ,  1.060962677001953125000000000000000E-0004
       85201 ,  1.060962677001953125000000000000000E-0004
       85301 ,  1.060962677001953125000000000000000E-0004
       85401 ,  1.060962677001953125000000000000000E-0004
       85501 ,  1.070499420166015625000000000000000E-0004
       85601 ,  1.099109649658203125000000000000000E-0004
       85701 ,  1.101493835449218750000000000000000E-0004
       85801 ,  1.070499420166015625000000000000000E-0004
       85901 ,  1.070499420166015625000000000000000E-0004
       86001 ,  1.080036163330078125000000000000000E-0004
       86101 ,  1.208782196044921875000000000000000E-0004
       86201 ,  1.080036163330078125000000000000000E-0004
       86301 ,  1.080036163330078125000000000000000E-0004
       86401 ,  1.080036163330078125000000000000000E-0004
       86501 ,  1.080036163330078125000000000000000E-0004
       86601 ,  1.120567321777343750000000000000000E-0004
       86701 ,  2.059936523437500000000000000000000E-0004
       86801 ,  1.118183135986328125000000000000000E-0004
       86901 ,  1.089572906494140625000000000000000E-0004
       87001 ,  1.091957092285156250000000000000000E-0004
       87101 ,  1.091957092285156250000000000000000E-0004
       87201 ,  1.099109649658203125000000000000000E-0004
       87301 ,  1.099109649658203125000000000000000E-0004
       87401 ,  1.091957092285156250000000000000000E-0004
       87501 ,  1.089572906494140625000000000000000E-0004
       87601 ,  1.120567321777343750000000000000000E-0004
       87701 ,  1.099109649658203125000000000000000E-0004
       87801 ,  2.980232238769531250000000000000000E-0004
       87901 ,  1.101493835449218750000000000000000E-0004
       88001 ,  1.099109649658203125000000000000000E-0004
       88101 ,  1.091957092285156250000000000000000E-0004
       88201 ,  1.099109649658203125000000000000000E-0004
       88301 ,  1.099109649658203125000000000000000E-0004
       88401 ,  1.120567321777343750000000000000000E-0004
       88501 ,  1.111030578613281250000000000000000E-0004
       88601 ,  1.130104064941406250000000000000000E-0004
       88701 ,  1.108646392822265625000000000000000E-0004
       88801 ,  2.012252807617187500000000000000000E-0004
       88901 ,  1.108646392822265625000000000000000E-0004
       89001 ,  1.108646392822265625000000000000000E-0004
       89101 ,  1.111030578613281250000000000000000E-0004
       89201 ,  1.111030578613281250000000000000000E-0004
       89301 ,  1.111030578613281250000000000000000E-0004
       89401 ,  1.120567321777343750000000000000000E-0004
       89501 ,  1.120567321777343750000000000000000E-0004
       89601 ,  1.111030578613281250000000000000000E-0004
       89701 ,  1.139640808105468750000000000000000E-0004
       89801 ,  3.118515014648437500000000000000000E-0004
       89901 ,  1.118183135986328125000000000000000E-0004
       90001 ,  1.120567321777343750000000000000000E-0004
       90101 ,  1.120567321777343750000000000000000E-0004
       90201 ,  1.120567321777343750000000000000000E-0004
       90301 ,  2.179145812988281250000000000000000E-0004
       90401 ,  1.130104064941406250000000000000000E-0004
       90501 ,  1.130104064941406250000000000000000E-0004
       90601 ,  1.118183135986328125000000000000000E-0004
       90701 ,  1.158714294433593750000000000000000E-0004
       90801 ,  1.127719879150390625000000000000000E-0004
       90901 ,  1.158714294433593750000000000000000E-0004
       91001 ,  1.130104064941406250000000000000000E-0004
       91101 ,  1.130104064941406250000000000000000E-0004
       91201 ,  1.130104064941406250000000000000000E-0004
       91301 ,  2.851486206054687500000000000000000E-0004
       91401 ,  1.151561737060546875000000000000000E-0004
       91501 ,  1.139640808105468750000000000000000E-0004
       91601 ,  1.130104064941406250000000000000000E-0004
       91701 ,  1.170635223388671875000000000000000E-0004
       91801 ,  2.129077911376953125000000000000000E-0004
       91901 ,  1.180171966552734375000000000000000E-0004
       92001 ,  1.142024993896484375000000000000000E-0004
       92101 ,  1.149177551269531250000000000000000E-0004
       92201 ,  1.139640808105468750000000000000000E-0004
       92301 ,  1.149177551269531250000000000000000E-0004
       92401 ,  1.800060272216796875000000000000000E-0004
       92501 ,  1.149177551269531250000000000000000E-0004
       92601 ,  1.149177551269531250000000000000000E-0004
       92701 ,  1.189708709716796875000000000000000E-0004
       92801 ,  1.161098480224609375000000000000000E-0004
       92901 ,  1.189708709716796875000000000000000E-0004
       93001 ,  1.158714294433593750000000000000000E-0004
       93101 ,  1.158714294433593750000000000000000E-0004
       93201 ,  1.161098480224609375000000000000000E-0004
       93301 ,  1.161098480224609375000000000000000E-0004
       93401 ,  1.251697540283203125000000000000000E-0004
       93501 ,  1.170635223388671875000000000000000E-0004
       93601 ,  1.158714294433593750000000000000000E-0004
       93701 ,  1.161098480224609375000000000000000E-0004
       93801 ,  1.189708709716796875000000000000000E-0004
       93901 ,  1.189708709716796875000000000000000E-0004
       94001 ,  1.301765441894531250000000000000000E-0004
       94101 ,  1.170635223388671875000000000000000E-0004
       94201 ,  1.170635223388671875000000000000000E-0004
       94301 ,  1.170635223388671875000000000000000E-0004
       94401 ,  1.158714294433593750000000000000000E-0004
       94501 ,  1.389980316162109375000000000000000E-0004
       94601 ,  1.180171966552734375000000000000000E-0004
       94701 ,  1.168251037597656250000000000000000E-0004
       94801 ,  1.201629638671875000000000000000000E-0004
       94901 ,  1.170635223388671875000000000000000E-0004
       95001 ,  1.211166381835937500000000000000000E-0004
       95101 ,  1.180171966552734375000000000000000E-0004
       95201 ,  1.180171966552734375000000000000000E-0004
       95301 ,  1.180171966552734375000000000000000E-0004
       95401 ,  1.180171966552734375000000000000000E-0004
       95501 ,  1.180171966552734375000000000000000E-0004
       95601 ,  1.239776611328125000000000000000000E-0004
       95701 ,  1.189708709716796875000000000000000E-0004
       95801 ,  1.211166381835937500000000000000000E-0004
       95901 ,  1.180171966552734375000000000000000E-0004
       96001 ,  1.218318939208984375000000000000000E-0004
       96101 ,  1.189708709716796875000000000000000E-0004
       96201 ,  1.349449157714843750000000000000000E-0004
       96301 ,  1.189708709716796875000000000000000E-0004
       96401 ,  1.189708709716796875000000000000000E-0004
       96501 ,  1.189708709716796875000000000000000E-0004
       96601 ,  1.189708709716796875000000000000000E-0004
       96701 ,  1.189708709716796875000000000000000E-0004
       96801 ,  1.249313354492187500000000000000000E-0004
       96901 ,  1.189708709716796875000000000000000E-0004
       97001 ,  1.218318939208984375000000000000000E-0004
       97101 ,  1.189708709716796875000000000000000E-0004
       97201 ,  1.199245452880859375000000000000000E-0004
       97301 ,  1.349449157714843750000000000000000E-0004
       97401 ,  1.199245452880859375000000000000000E-0004
       97501 ,  1.199245452880859375000000000000000E-0004
       97601 ,  1.199245452880859375000000000000000E-0004
       97701 ,  1.201629638671875000000000000000000E-0004
       97801 ,  1.258850097656250000000000000000000E-0004
       97901 ,  1.361370086669921875000000000000000E-0004
       98001 ,  1.239776611328125000000000000000000E-0004
       98101 ,  1.201629638671875000000000000000000E-0004
       98201 ,  1.208782196044921875000000000000000E-0004
       98301 ,  1.208782196044921875000000000000000E-0004
       98401 ,  1.327991485595703125000000000000000E-0004
       98501 ,  1.218318939208984375000000000000000E-0004
       98601 ,  1.208782196044921875000000000000000E-0004
       98701 ,  1.211166381835937500000000000000000E-0004
       98801 ,  1.211166381835937500000000000000000E-0004
       98901 ,  1.308917999267578125000000000000000E-0004
       99001 ,  1.220703125000000000000000000000000E-0004
       99101 ,  1.249313354492187500000000000000000E-0004
       99201 ,  1.218318939208984375000000000000000E-0004
       99301 ,  1.218318939208984375000000000000000E-0004
       99401 ,  1.218318939208984375000000000000000E-0004
       99501 ,  1.330375671386718750000000000000000E-0004
       99601 ,  1.230239868164062500000000000000000E-0004
       99701 ,  1.218318939208984375000000000000000E-0004
       99801 ,  1.230239868164062500000000000000000E-0004
       99901 ,  1.289844512939453125000000000000000E-0004
